import numpy as np

inverse_camera2e_matrix = np.array([
    [-0.15441093, -0.36734396, -0.91717811, -54.13019075],
    [0.8574527,    0.41136713, -0.30911477, -13.17631122],
    [0.49084837,   -0.83416755,  0.25146049, -21.25658945],
    [0.,           0.,           0.,          1.        ]
    ])#单位mm
camera2e_matrix = np.array([[ -0.15441093,   0.85745271,   0.49084837,  13.37353295],
    [ -0.36734396,   0.41136713,  -0.83416755, -32.19565444],
    [ -0.91717811,  -0.30911477,   0.25146049, -48.37482606],
    [  0.        ,   0.        ,   0.        ,   1.        ]
])#单位mm

print(camera2e_matrix@inverse_camera2e_matrix)